15 18
45 18
0 0 1 2410
0 1 1 2410
0 2 1 2410
0 3 1 2410
0 4 1 2410
0 5 1 2410
0 6 1 2410
0 7 1 2410
0 8 1 2410
0 9 1 2410
0 10 1 2410
0 11 1 2410
0 12 1 2410
0 13 1 2410
0 14 1 2410
0 15 1 2410
0 16 1 2410
0 17 1 2410
0 18 1 2410
0 19 1 2410
0 20 1 2410
0 21 1 2410
0 22 1 2410
0 23 1 2410
0 24 1 2410
0 25 1 2410
0 26 1 2410
0 27 1 2410
0 28 1 2410
0 29 1 2410
0 30 1 2410
0 31 1 2410
0 32 1 2410
0 33 1 2410
0 34 1 2410
0 35 1 2410
0 36 1 2410
1 0 1 2410
1 1 0 1
1 2 0 1
1 3 0 1
1 4 0 1
1 5 0 1
1 6 0 1
1 7 0 1
1 8 1 2410
1 9 0 1
1 10 0 1
1 11 0 1
1 12 1 2410
1 13 0 1
1 14 0 1
1 15 0 1
1 16 1 2410
1 17 0 1
1 18 0 1
1 19 0 1
1 20 1 2410
1 21 0 1
1 22 0 1
1 23 0 1
1 24 1 2410
1 25 0 1
1 26 0 1
1 27 0 1
1 28 1 2410
1 29 0 1
1 30 0 1
1 31 0 1
1 32 1 2410
1 33 0 1
1 34 0 1
1 35 0 1
1 36 1 2410
2 0 1 2410
2 1 0 1
2 2 1 2410
2 3 1 2410
2 4 1 2410
2 5 1 2410
2 6 1 2410
2 7 0 1
2 8 1 2410
2 9 0 1
2 10 1 2410
2 11 0 1
2 12 1 2410
2 13 0 1
2 14 1 2410
2 15 0 1
2 16 1 2410
2 17 0 1
2 18 1 2410
2 19 0 1
2 20 1 2410
2 21 0 1
2 22 1 2410
2 23 0 1
2 24 1 2410
2 25 0 1
2 26 1 2410
2 27 0 1
2 28 1 2410
2 29 0 1
2 30 1 2410
2 31 0 1
2 32 1 2410
2 33 0 1
2 34 1 2410
2 35 0 1
2 36 1 2410
3 0 1 2410
3 1 0 1
3 2 1 2410
3 3 0 1
3 4 0 1
3 5 0 1
3 6 1 2410
3 7 0 1
3 8 0 1
3 9 0 1
3 10 1 2410
3 11 0 1
3 12 0 1
3 13 0 1
3 14 1 2410
3 15 0 1
3 16 0 1
3 17 0 1
3 18 1 2410
3 19 0 1
3 20 0 1
3 21 0 1
3 22 1 2410
3 23 0 1
3 24 0 1
3 25 0 1
3 26 1 2410
3 27 0 1
3 28 0 1
3 29 0 1
3 30 1 2410
3 31 0 1
3 32 0 1
3 33 0 1
3 34 1 2410
3 35 0 1
3 36 1 2410
4 0 1 2410
4 1 0 1
4 2 1 2410
4 3 0 1
4 4 1 2410
4 5 0 1
4 6 1 2410
4 7 1 2410
4 8 1 2410
4 9 1 2410
4 10 1 2410
4 11 1 2410
4 12 1 2410
4 13 1 2410
4 14 1 2410
4 15 1 2410
4 16 1 2410
4 17 1 2410
4 18 1 2410
4 19 1 2410
4 20 1 2410
4 21 1 2410
4 22 1 2410
4 23 1 2410
4 24 1 2410
4 25 1 2410
4 26 1 2410
4 27 1 2410
4 28 1 2410
4 29 1 2410
4 30 1 2410
4 31 1 2410
4 32 1 2410
4 33 1 2410
4 34 1 2410
4 35 0 1
4 36 1 2410
5 0 1 2410
5 1 0 1
5 2 1 2410
5 3 0 1
5 4 1 2410
5 5 0 1
5 6 0 1
5 7 0 1
5 8 1 2410
5 9 0 1
5 10 0 1
5 11 0 1
5 12 0 1
5 13 0 1
5 14 0 1
5 15 0 1
5 16 0 1
5 17 0 1
5 18 0 1
5 19 0 1
5 20 0 1
5 21 0 1
5 22 0 1
5 23 0 1
5 24 0 1
5 25 0 1
5 26 0 1
5 27 0 1
5 28 0 1
5 29 0 1
5 30 0 1
5 31 0 1
5 32 0 1
5 33 0 1
5 34 0 1
5 35 0 1
5 36 1 2410
6 0 1 2410
6 1 0 1
6 2 1 2410
6 3 0 1
6 4 1 2410
6 5 1 2410
6 6 1 2410
6 7 0 1
6 8 1 2410
6 9 0 1
6 10 1 2410
6 11 1 2410
6 12 1 2410
6 13 1 2410
6 14 1 2410
6 15 1 2410
6 16 1 2410
6 17 1 2410
6 18 1 2410
6 19 1 2410
6 20 1 2410
6 21 1 2410
6 22 1 2410
6 23 1 2410
6 24 1 2410
6 25 1 2410
6 26 1 2410
6 27 1 2410
6 28 1 2410
6 29 1 2410
6 30 1 2410
6 31 1 2410
6 32 1 2410
6 33 1 2410
6 34 1 2410
6 35 1 2410
6 36 1 2410
7 0 1 2410
7 1 0 1
7 2 1 2410
7 3 0 1
7 4 0 1
7 5 0 1
7 6 1 2410
7 7 0 1
7 8 1 2410
7 9 0 1
7 10 1 2410
7 11 0 1
7 12 0 1
7 13 0 1
7 14 0 1
7 15 0 1
7 16 0 1
7 17 0 1
7 18 0 1
7 19 0 1
7 20 0 1
7 21 0 1
7 22 0 1
7 23 0 1
7 24 0 1
7 25 0 1
7 26 0 1
7 27 0 1
7 28 1 2410
7 29 0 1
7 30 0 1
7 31 0 1
7 32 0 1
7 33 0 1
7 34 0 1
7 35 0 1
7 36 1 2410
8 0 1 2410
8 1 0 1
8 2 1 2410
8 3 1 2410
8 4 1 2410
8 5 0 1
8 6 1 2410
8 7 0 1
8 8 1 2410
8 9 0 1
8 10 1 2410
8 11 0 1
8 12 1 2410
8 13 1 2410
8 14 1 2410
8 15 1 2410
8 16 1 2410
8 17 1 2410
8 18 1 2410
8 19 1 2410
8 20 1 2410
8 21 1 2410
8 22 1 2410
8 23 1 2410
8 24 1 2410
8 25 1 2410
8 26 1 2410
8 27 0 1
8 28 1 2410
8 29 0 1
8 30 1 2410
8 31 1 2410
8 32 1 2410
8 33 1 2410
8 34 1 2410
8 35 0 1
8 36 1 2410
9 0 1 2410
9 1 0 1
9 2 1 2410
9 3 0 1
9 4 0 1
9 5 0 1
9 6 1 2410
9 7 0 1
9 8 1 2410
9 9 0 1
9 10 1 2410
9 11 0 1
9 12 1 2410
9 13 0 1
9 14 0 1
9 15 0 1
9 16 0 1
9 17 0 1
9 18 0 1
9 19 0 1
9 20 0 1
9 21 0 1
9 22 0 1
9 23 0 1
9 24 0 1
9 25 0 1
9 26 1 2410
9 27 0 1
9 28 1 2410
9 29 0 1
9 30 0 1
9 31 0 1
9 32 0 1
9 33 0 1
9 34 1 2410
9 35 0 1
9 36 1 2410
10 0 1 2410
10 1 0 1
10 2 1 2410
10 3 0 1
10 4 1 2410
10 5 1 2410
10 6 1 2410
10 7 0 1
10 8 1 2410
10 9 0 1
10 10 1 2410
10 11 0 1
10 12 1 2410
10 13 0 1
10 14 1 2410
10 15 1 2410
10 16 1 2410
10 17 1 2410
10 18 1 2410
10 19 1 2410
10 20 1 2410
10 21 1 2410
10 22 1 2410
10 23 1 2410
10 24 1 2410
10 25 0 1
10 26 1 2410
10 27 0 1
10 28 1 2410
10 29 1 2410
10 30 1 2410
10 31 1 2410
10 32 1 2410
10 33 0 1
10 34 1 2410
10 35 0 1
10 36 1 2410
11 0 1 2410
11 1 0 1
11 2 1 2410
11 3 0 1
11 4 0 1
11 5 0 1
11 6 1 2410
11 7 0 1
11 8 1 2410
11 9 0 1
11 10 1 2410
11 11 0 1
11 12 1 2410
11 13 0 1
11 14 1 2410
11 15 0 1
11 16 0 1
11 17 0 1
11 18 0 1
11 19 0 1
11 20 0 1
11 21 0 1
11 22 0 1
11 23 0 1
11 24 1 2410
11 25 0 1
11 26 1 2410
11 27 0 1
11 28 1 2410
11 29 0 1
11 30 0 1
11 31 0 1
11 32 0 1
11 33 0 1
11 34 1 2410
11 35 0 1
11 36 1 2410
12 0 1 2410
12 1 0 1
12 2 1 2410
12 3 1 2410
12 4 1 2410
12 5 0 1
12 6 1 2410
12 7 0 1
12 8 1 2410
12 9 0 1
12 10 1 2410
12 11 0 1
12 12 1 2410
12 13 0 1
12 14 1 2410
12 15 0 1
12 16 1 2410
12 17 1 2410
12 18 1 2410
12 19 1 2410
12 20 1 2410
12 21 1 2410
12 22 1 2410
12 23 0 1
12 24 1 2410
12 25 0 1
12 26 1 2410
12 27 0 1
12 28 1 2410
12 29 0 1
12 30 1 2410
12 31 1 2410
12 32 1 2410
12 33 1 2410
12 34 1 2410
12 35 0 1
12 36 1 2410
13 0 1 2410
13 1 0 1
13 2 1 2410
13 3 0 1
13 4 0 1
13 5 0 1
13 6 1 2410
13 7 0 1
13 8 1 2410
13 9 0 1
13 10 1 2410
13 11 0 1
13 12 1 2410
13 13 0 1
13 14 1 2410
13 15 0 1
13 16 1 2410
13 17 0 1
13 18 0 1
13 19 0 1
13 20 0 1
13 21 0 1
13 22 1 2410
13 23 0 1
13 24 1 2410
13 25 0 1
13 26 1 2410
13 27 0 1
13 28 1 2410
13 29 0 1
13 30 0 1
13 31 0 1
13 32 0 1
13 33 0 1
13 34 1 2410
13 35 0 1
13 36 1 2410
14 0 1 2410
14 1 0 1
14 2 1 2410
14 3 0 1
14 4 1 2410
14 5 1 2410
14 6 1 2410
14 7 0 1
14 8 1 2410
14 9 0 1
14 10 1 2410
14 11 0 1
14 12 1 2410
14 13 0 1
14 14 1 2410
14 15 0 1
14 16 1 2410
14 17 0 1
14 18 1 2410
14 19 1 2410
14 20 1 2410
14 21 0 1
14 22 1 2410
14 23 0 1
14 24 1 2410
14 25 0 1
14 26 1 2410
14 27 0 1
14 28 1 2410
14 29 1 2410
14 30 1 2410
14 31 1 2410
14 32 1 2410
14 33 0 1
14 34 1 2410
14 35 0 1
14 36 1 2410
15 0 1 2410
15 1 0 1
15 2 1 2410
15 3 0 1
15 4 0 1
15 5 0 1
15 6 1 2410
15 7 0 1
15 8 1 2410
15 9 0 1
15 10 1 2410
15 11 0 1
15 12 1 2410
15 13 0 1
15 14 1 2410
15 15 0 1
15 16 1 2410
15 17 0 1
15 18 0 1
15 19 0 1
15 20 1 2410
15 21 0 1
15 22 1 2410
15 23 0 1
15 24 1 2410
15 25 0 1
15 26 1 2410
15 27 0 1
15 28 1 2410
15 29 0 1
15 30 0 1
15 31 0 1
15 32 1 2410
15 33 0 1
15 34 1 2410
15 35 0 1
15 36 1 2410
16 0 1 2410
16 1 0 1
16 2 1 2410
16 3 1 2410
16 4 1 2410
16 5 0 1
16 6 1 2410
16 7 0 1
16 8 1 2410
16 9 0 1
16 10 1 2410
16 11 0 1
16 12 1 2410
16 13 0 1
16 14 1 2410
16 15 0 1
16 16 1 2410
16 17 0 1
16 18 0 1
16 19 0 1
16 20 1 2410
16 21 0 1
16 22 1 2410
16 23 0 1
16 24 1 2410
16 25 0 1
16 26 1 2410
16 27 0 1
16 28 1 2410
16 29 0 1
16 30 1 2410
16 31 0 1
16 32 1 2410
16 33 0 1
16 34 1 2410
16 35 0 1
16 36 1 2410
17 0 1 2410
17 1 0 1
17 2 1 2410
17 3 0 1
17 4 0 1
17 5 0 1
17 6 1 2410
17 7 0 1
17 8 1 2410
17 9 0 1
17 10 1 2410
17 11 0 1
17 12 1 2410
17 13 0 1
17 14 1 2410
17 15 0 1
17 16 1 2410
17 17 1 2410
17 18 1 2410
17 19 1 2410
17 20 1 2410
17 21 0 1
17 22 1 2410
17 23 0 1
17 24 1 2410
17 25 0 1
17 26 1 2410
17 27 0 1
17 28 1 2410
17 29 0 1
17 30 1 2410
17 31 0 1
17 32 1 2410
17 33 0 1
17 34 1 2410
17 35 0 1
17 36 1 2410
18 0 1 2410
18 1 0 1
18 2 1 2410
18 3 0 1
18 4 1 2410
18 5 1 2410
18 6 1 2410
18 7 0 1
18 8 1 2410
18 9 0 1
18 10 1 2410
18 11 0 1
18 12 1 2410
18 13 0 1
18 14 1 2410
18 15 0 1
18 16 0 1
18 17 0 1
18 18 0 1
18 19 0 1
18 20 0 1
18 21 0 1
18 22 1 2410
18 23 0 1
18 24 1 2410
18 25 0 1
18 26 1 2410
18 27 0 1
18 28 1 2410
18 29 0 1
18 30 1 2410
18 31 0 1
18 32 1 2410
18 33 0 1
18 34 1 2410
18 35 0 1
18 36 1 2410
19 0 1 2410
19 1 0 1
19 2 1 2410
19 3 0 1
19 4 0 1
19 5 0 1
19 6 1 2410
19 7 0 1
19 8 1 2410
19 9 0 1
19 10 1 2410
19 11 0 1
19 12 1 2410
19 13 0 1
19 14 1 2410
19 15 1 2410
19 16 1 2410
19 17 1 2410
19 18 1 2410
19 19 1 2410
19 20 1 2410
19 21 1 2410
19 22 1 2410
19 23 0 1
19 24 1 2410
19 25 0 1
19 26 1 2410
19 27 0 1
19 28 1 2410
19 29 0 1
19 30 1 2410
19 31 0 1
19 32 1 2410
19 33 0 1
19 34 1 2410
19 35 0 1
19 36 1 2410
20 0 1 2410
20 1 0 1
20 2 1 2410
20 3 1 2410
20 4 1 2410
20 5 0 1
20 6 1 2410
20 7 0 1
20 8 1 2410
20 9 0 1
20 10 1 2410
20 11 0 1
20 12 1 2410
20 13 0 1
20 14 0 1
20 15 0 1
20 16 0 1
20 17 0 1
20 18 0 1
20 19 0 1
20 20 0 1
20 21 0 1
20 22 0 1
20 23 0 1
20 24 1 2410
20 25 0 1
20 26 1 2410
20 27 0 1
20 28 1 2410
20 29 0 1
20 30 1 2410
20 31 0 1
20 32 1 2410
20 33 0 1
20 34 1 2410
20 35 0 1
20 36 1 2410
21 0 1 2410
21 1 0 1
21 2 1 2410
21 3 0 1
21 4 0 1
21 5 0 1
21 6 1 2410
21 7 0 1
21 8 1 2410
21 9 0 1
21 10 1 2410
21 11 0 1
21 12 1 2410
21 13 1 2410
21 14 1 2410
21 15 1 2410
21 16 1 2410
21 17 1 2410
21 18 1 2410
21 19 1 2410
21 20 1 2410
21 21 1 2410
21 22 1 2410
21 23 1 2410
21 24 1 2410
21 25 0 1
21 26 1 2410
21 27 0 1
21 28 1 2410
21 29 0 1
21 30 1 2410
21 31 0 1
21 32 1 2410
21 33 0 1
21 34 1 2410
21 35 0 1
21 36 1 2410
22 0 1 2410
22 1 0 1
22 2 1 2410
22 3 0 1
22 4 1 2410
22 5 1 2410
22 6 1 2410
22 7 0 1
22 8 1 2410
22 9 0 1
22 10 1 2410
22 11 0 1
22 12 0 1
22 13 0 1
22 14 0 1
22 15 0 1
22 16 0 1
22 17 0 1
22 18 0 1
22 19 0 1
22 20 0 1
22 21 0 1
22 22 0 1
22 23 0 1
22 24 0 1
22 25 0 1
22 26 1 2410
22 27 0 1
22 28 1 2410
22 29 0 1
22 30 1 2410
22 31 0 1
22 32 1 2410
22 33 0 1
22 34 1 2410
22 35 0 1
22 36 1 2410
23 0 1 2410
23 1 0 1
23 2 1 2410
23 3 0 1
23 4 0 1
23 5 0 1
23 6 1 2410
23 7 0 1
23 8 1 2410
23 9 0 1
23 10 1 2410
23 11 1 2410
23 12 1 2410
23 13 1 2410
23 14 1 2410
23 15 1 2410
23 16 1 2410
23 17 1 2410
23 18 1 2410
23 19 1 2410
23 20 1 2410
23 21 1 2410
23 22 1 2410
23 23 1 2410
23 24 1 2410
23 25 1 2410
23 26 1 2410
23 27 0 1
23 28 1 2410
23 29 0 1
23 30 1 2410
23 31 0 1
23 32 1 2410
23 33 0 1
23 34 1 2410
23 35 0 1
23 36 1 2410
24 0 1 2410
24 1 0 1
24 2 1 2410
24 3 1 2410
24 4 1 2410
24 5 0 1
24 6 1 2410
24 7 0 1
24 8 1 2410
24 9 0 1
24 10 0 1
24 11 0 1
24 12 0 1
24 13 0 1
24 14 0 1
24 15 0 1
24 16 0 1
24 17 0 1
24 18 0 1
24 19 0 1
24 20 0 1
24 21 0 1
24 22 0 1
24 23 0 1
24 24 0 1
24 25 0 1
24 26 0 1
24 27 0 1
24 28 1 2410
24 29 0 1
24 30 1 2410
24 31 0 1
24 32 1 2410
24 33 0 1
24 34 1 2410
24 35 0 1
24 36 1 2410
25 0 1 2410
25 1 0 1
25 2 1 2410
25 3 0 1
25 4 0 1
25 5 0 1
25 6 1 2410
25 7 0 1
25 8 1 2410
25 9 1 2410
25 10 1 2410
25 11 1 2410
25 12 1 2410
25 13 1 2410
25 14 1 2410
25 15 1 2410
25 16 1 2410
25 17 1 2410
25 18 1 2410
25 19 1 2410
25 20 1 2410
25 21 1 2410
25 22 1 2410
25 23 1 2410
25 24 1 2410
25 25 1 2410
25 26 1 2410
25 27 1 2410
25 28 1 2410
25 29 0 1
25 30 1 2410
25 31 0 1
25 32 1 2410
25 33 0 1
25 34 1 2410
25 35 0 1
25 36 1 2410
26 0 1 2410
26 1 0 1
26 2 1 2410
26 3 0 1
26 4 1 2410
26 5 1 2410
26 6 1 2410
26 7 0 1
26 8 0 1
26 9 0 1
26 10 0 1
26 11 0 1
26 12 0 1
26 13 0 1
26 14 0 1
26 15 0 1
26 16 0 1
26 17 0 1
26 18 0 1
26 19 0 1
26 20 0 1
26 21 0 1
26 22 0 1
26 23 0 1
26 24 0 1
26 25 0 1
26 26 0 1
26 27 0 1
26 28 0 1
26 29 0 1
26 30 1 2410
26 31 0 1
26 32 1 2410
26 33 0 1
26 34 1 2410
26 35 0 1
26 36 1 2410
27 0 1 2410
27 1 0 1
27 2 1 2410
27 3 0 1
27 4 0 1
27 5 0 1
27 6 1 2410
27 7 1 2410
27 8 1 2410
27 9 1 2410
27 10 1 2410
27 11 1 2410
27 12 1 2410
27 13 1 2410
27 14 1 2410
27 15 1 2410
27 16 1 2410
27 17 1 2410
27 18 1 2410
27 19 1 2410
27 20 1 2410
27 21 1 2410
27 22 1 2410
27 23 1 2410
27 24 1 2410
27 25 1 2410
27 26 1 2410
27 27 1 2410
27 28 1 2410
27 29 1 2410
27 30 1 2410
27 31 0 1
27 32 1 2410
27 33 0 1
27 34 1 2410
27 35 0 1
27 36 1 2410
28 0 1 2410
28 1 0 1
28 2 1 2410
28 3 1 2410
28 4 1 2410
28 5 0 1
28 6 1 2410
28 7 0 1
28 8 0 1
28 9 0 1
28 10 0 1
28 11 0 1
28 12 0 1
28 13 0 1
28 14 0 1
28 15 0 1
28 16 0 1
28 17 0 1
28 18 0 1
28 19 0 1
28 20 0 1
28 21 0 1
28 22 0 1
28 23 0 1
28 24 0 1
28 25 0 1
28 26 0 1
28 27 0 1
28 28 0 1
28 29 0 1
28 30 1 2410
28 31 0 1
28 32 1 2410
28 33 0 1
28 34 1 2410
28 35 0 1
28 36 1 2410
29 0 1 2410
29 1 0 1
29 2 1 2410
29 3 0 1
29 4 0 1
29 5 0 1
29 6 1 2410
29 7 0 1
29 8 1 2410
29 9 1 2410
29 10 1 2410
29 11 1 2410
29 12 1 2410
29 13 1 2410
29 14 1 2410
29 15 1 2410
29 16 1 2410
29 17 1 2410
29 18 1 2410
29 19 1 2410
29 20 1 2410
29 21 1 2410
29 22 1 2410
29 23 1 2410
29 24 1 2410
29 25 1 2410
29 26 1 2410
29 27 1 2410
29 28 1 2410
29 29 0 1
29 30 1 2410
29 31 0 1
29 32 1 2410
29 33 0 1
29 34 1 2410
29 35 0 1
29 36 1 2410
30 0 1 2410
30 1 0 1
30 2 1 2410
30 3 0 1
30 4 1 2410
30 5 1 2410
30 6 1 2410
30 7 0 1
30 8 1 2410
30 9 0 1
30 10 0 1
30 11 0 1
30 12 0 1
30 13 0 1
30 14 0 1
30 15 0 1
30 16 0 1
30 17 0 1
30 18 0 1
30 19 0 1
30 20 0 1
30 21 0 1
30 22 0 1
30 23 0 1
30 24 0 1
30 25 0 1
30 26 0 1
30 27 0 1
30 28 0 1
30 29 0 1
30 30 1 2410
30 31 0 1
30 32 1 2410
30 33 0 1
30 34 1 2410
30 35 0 1
30 36 1 2410
31 0 1 2410
31 1 0 1
31 2 1 2410
31 3 0 1
31 4 1 2410
31 5 0 1
31 6 0 1
31 7 0 1
31 8 1 2410
31 9 0 1
31 10 1 2410
31 11 1 2410
31 12 1 2410
31 13 1 2410
31 14 1 2410
31 15 1 2410
31 16 1 2410
31 17 1 2410
31 18 1 2410
31 19 1 2410
31 20 1 2410
31 21 1 2410
31 22 1 2410
31 23 1 2410
31 24 1 2410
31 25 1 2410
31 26 1 2410
31 27 1 2410
31 28 1 2410
31 29 1 2410
31 30 1 2410
31 31 0 1
31 32 1 2410
31 33 0 1
31 34 1 2410
31 35 0 1
31 36 1 2410
32 0 1 2410
32 1 0 1
32 2 1 2410
32 3 0 1
32 4 1 2410
32 5 0 1
32 6 1 2410
32 7 1 2410
32 8 1 2410
32 9 0 1
32 10 1 2410
32 11 0 1
32 12 0 1
32 13 0 1
32 14 0 1
32 15 0 1
32 16 0 1
32 17 0 1
32 18 0 1
32 19 0 1
32 20 0 1
32 21 0 1
32 22 0 1
32 23 0 1
32 24 0 1
32 25 0 1
32 26 0 1
32 27 0 1
32 28 0 1
32 29 0 1
32 30 1 2410
32 31 0 1
32 32 1 2410
32 33 0 1
32 34 1 2410
32 35 0 1
32 36 1 2410
33 0 1 2410
33 1 0 1
33 2 1 2410
33 3 0 1
33 4 1 2410
33 5 0 1
33 6 1 2410
33 7 0 1
33 8 0 1
33 9 0 1
33 10 1 2410
33 11 0 1
33 12 1 2410
33 13 1 2410
33 14 1 2410
33 15 1 2410
33 16 1 2410
33 17 1 2410
33 18 1 2410
33 19 1 2410
33 20 1 2410
33 21 1 2410
33 22 1 2410
33 23 1 2410
33 24 1 2410
33 25 1 2410
33 26 1 2410
33 27 1 2410
33 28 1 2410
33 29 0 1
33 30 1 2410
33 31 0 1
33 32 1 2410
33 33 0 1
33 34 1 2410
33 35 0 1
33 36 1 2410
34 0 1 2410
34 1 0 1
34 2 1 2410
34 3 0 1
34 4 1 2410
34 5 0 1
34 6 1 2410
34 7 0 1
34 8 1 2410
34 9 1 2410
34 10 1 2410
34 11 0 1
34 12 1 2410
34 13 0 1
34 14 0 1
34 15 0 1
34 16 0 1
34 17 0 1
34 18 0 1
34 19 0 1
34 20 0 1
34 21 0 1
34 22 0 1
34 23 0 1
34 24 0 1
34 25 0 1
34 26 0 1
34 27 0 1
34 28 1 2410
34 29 0 1
34 30 1 2410
34 31 0 1
34 32 1 2410
34 33 0 1
34 34 1 2410
34 35 0 1
34 36 1 2410
35 0 1 2410
35 1 0 1
35 2 1 2410
35 3 0 1
35 4 1 2410
35 5 0 1
35 6 1 2410
35 7 0 1
35 8 1 2410
35 9 0 1
35 10 0 1
35 11 0 1
35 12 1 2410
35 13 0 1
35 14 1 2410
35 15 1 2410
35 16 1 2410
35 17 1 2410
35 18 1 2410
35 19 1 2410
35 20 1 2410
35 21 1 2410
35 22 1 2410
35 23 1 2410
35 24 1 2410
35 25 1 2410
35 26 1 2410
35 27 0 1
35 28 1 2410
35 29 0 1
35 30 1 2410
35 31 0 1
35 32 1 2410
35 33 0 1
35 34 1 2410
35 35 0 1
35 36 1 2410
36 0 1 2410
36 1 0 1
36 2 1 2410
36 3 0 1
36 4 1 2410
36 5 0 1
36 6 1 2410
36 7 0 1
36 8 1 2410
36 9 0 1
36 10 1 2410
36 11 1 2410
36 12 1 2410
36 13 0 1
36 14 1 2410
36 15 0 1
36 16 0 1
36 17 0 1
36 18 0 1
36 19 0 1
36 20 0 1
36 21 0 1
36 22 0 1
36 23 0 1
36 24 0 1
36 25 0 1
36 26 1 2410
36 27 0 1
36 28 1 2410
36 29 0 1
36 30 1 2410
36 31 0 1
36 32 1 2410
36 33 0 1
36 34 1 2410
36 35 0 1
36 36 1 2410
37 0 1 2410
37 1 0 1
37 2 1 2410
37 3 0 1
37 4 1 2410
37 5 0 1
37 6 1 2410
37 7 0 1
37 8 1 2410
37 9 0 1
37 10 1 2410
37 11 0 1
37 12 0 1
37 13 0 1
37 14 1 2410
37 15 0 1
37 16 1 2410
37 17 1 2410
37 18 1 2410
37 19 1 2410
37 20 1 2410
37 21 1 2410
37 22 1 2410
37 23 1 2410
37 24 1 2410
37 25 0 1
37 26 1 2410
37 27 0 1
37 28 1 2410
37 29 0 1
37 30 1 2410
37 31 0 1
37 32 1 2410
37 33 0 1
37 34 1 2410
37 35 0 1
37 36 1 2410
38 0 1 2410
38 1 0 1
38 2 1 2410
38 3 0 1
38 4 1 2410
38 5 0 1
38 6 1 2410
38 7 0 1
38 8 1 2410
38 9 0 1
38 10 1 2410
38 11 0 1
38 12 1 2410
38 13 1 2410
38 14 1 2410
38 15 0 1
38 16 1 2410
38 17 0 1
38 18 0 1
38 19 0 1
38 20 0 1
38 21 0 1
38 22 0 1
38 23 0 1
38 24 1 2410
38 25 0 1
38 26 1 2410
38 27 0 1
38 28 1 2410
38 29 0 1
38 30 1 2410
38 31 0 1
38 32 1 2410
38 33 0 1
38 34 1 2410
38 35 0 1
38 36 1 2410
39 0 1 2410
39 1 0 1
39 2 1 2410
39 3 0 1
39 4 1 2410
39 5 0 1
39 6 1 2410
39 7 0 1
39 8 1 2410
39 9 0 1
39 10 1 2410
39 11 0 1
39 12 1 2410
39 13 0 1
39 14 0 1
39 15 0 1
39 16 1 2410
39 17 0 1
39 18 1 2410
39 19 1 2410
39 20 1 2410
39 21 1 2410
39 22 1 2410
39 23 0 1
39 24 1 2410
39 25 0 1
39 26 1 2410
39 27 0 1
39 28 1 2410
39 29 0 1
39 30 1 2410
39 31 0 1
39 32 1 2410
39 33 0 1
39 34 1 2410
39 35 0 1
39 36 1 2410
40 0 1 2410
40 1 0 1
40 2 1 2410
40 3 0 1
40 4 1 2410
40 5 0 1
40 6 1 2410
40 7 0 1
40 8 1 2410
40 9 0 1
40 10 1 2410
40 11 0 1
40 12 1 2410
40 13 0 1
40 14 1 2410
40 15 1 2410
40 16 1 2410
40 17 0 1
40 18 1 2410
40 19 0 1
40 20 0 1
40 21 0 1
40 22 1 2410
40 23 0 1
40 24 1 2410
40 25 0 1
40 26 1 2410
40 27 0 1
40 28 1 2410
40 29 0 1
40 30 1 2410
40 31 0 1
40 32 1 2410
40 33 0 1
40 34 1 2410
40 35 0 1
40 36 1 2410
41 0 1 2410
41 1 0 1
41 2 1 2410
41 3 0 1
41 4 1 2410
41 5 0 1
41 6 1 2410
41 7 0 1
41 8 1 2410
41 9 0 1
41 10 1 2410
41 11 0 1
41 12 1 2410
41 13 0 1
41 14 1 2410
41 15 0 1
41 16 0 1
41 17 0 1
41 18 1 2410
41 19 0 1
41 20 1 2410
41 21 0 1
41 22 1 2410
41 23 0 1
41 24 1 2410
41 25 0 1
41 26 1 2410
41 27 0 1
41 28 1 2410
41 29 0 1
41 30 1 2410
41 31 0 1
41 32 1 2410
41 33 0 1
41 34 1 2410
41 35 0 1
41 36 1 2410
42 0 1 2410
42 1 0 1
42 2 1 2410
42 3 0 1
42 4 1 2410
42 5 0 1
42 6 1 2410
42 7 0 1
42 8 1 2410
42 9 0 1
42 10 1 2410
42 11 0 1
42 12 1 2410
42 13 0 1
42 14 1 2410
42 15 0 1
42 16 1 2410
42 17 1 2410
42 18 1 2410
42 19 0 1
42 20 1 2410
42 21 0 1
42 22 1 2410
42 23 0 1
42 24 1 2410
42 25 0 1
42 26 1 2410
42 27 0 1
42 28 1 2410
42 29 0 1
42 30 1 2410
42 31 0 1
42 32 1 2410
42 33 0 1
42 34 1 2410
42 35 0 1
42 36 1 2410
43 0 1 2410
43 1 0 1
43 2 1 2410
43 3 0 1
43 4 1 2410
43 5 0 1
43 6 1 2410
43 7 0 1
43 8 1 2410
43 9 0 1
43 10 1 2410
43 11 0 1
43 12 1 2410
43 13 0 1
43 14 1 2410
43 15 0 1
43 16 1 2410
43 17 0 1
43 18 0 1
43 19 0 1
43 20 1 2410
43 21 0 1
43 22 1 2410
43 23 0 1
43 24 1 2410
43 25 0 1
43 26 1 2410
43 27 0 1
43 28 1 2410
43 29 0 1
43 30 1 2410
43 31 0 1
43 32 1 2410
43 33 0 1
43 34 1 2410
43 35 0 1
43 36 1 2410
44 0 1 2410
44 1 0 1
44 2 1 2410
44 3 0 1
44 4 1 2410
44 5 0 1
44 6 1 2410
44 7 0 1
44 8 1 2410
44 9 0 1
44 10 1 2410
44 11 0 1
44 12 1 2410
44 13 0 1
44 14 1 2410
44 15 0 1
44 16 1 2410
44 17 0 1
44 18 1 2410
44 19 0 1
44 20 1 2410
44 21 0 1
44 22 1 2410
44 23 0 1
44 24 1 2410
44 25 0 1
44 26 1 2410
44 27 0 1
44 28 1 2410
44 29 0 1
44 30 1 2410
44 31 0 1
44 32 1 2410
44 33 0 1
44 34 1 2410
44 35 0 1
44 36 1 2410
45 0 1 2410
45 1 0 1
45 2 1 2410
45 3 0 1
45 4 1 2410
45 5 0 1
45 6 1 2410
45 7 0 1
45 8 1 2410
45 9 0 1
45 10 1 2410
45 11 0 1
45 12 1 2410
45 13 0 1
45 14 1 2410
45 15 0 1
45 16 1 2410
45 17 0 1
45 18 0 1
45 19 0 1
45 20 1 2410
45 21 0 1
45 22 1 2410
45 23 0 1
45 24 1 2410
45 25 0 1
45 26 1 2410
45 27 0 1
45 28 1 2410
45 29 0 1
45 30 1 2410
45 31 0 1
45 32 1 2410
45 33 0 1
45 34 1 2410
45 35 0 1
45 36 1 2410
46 0 1 2410
46 1 0 1
46 2 1 2410
46 3 0 1
46 4 1 2410
46 5 0 1
46 6 1 2410
46 7 0 1
46 8 1 2410
46 9 0 1
46 10 1 2410
46 11 0 1
46 12 1 2410
46 13 0 1
46 14 1 2410
46 15 0 1
46 16 1 2410
46 17 0 1
46 18 1 2410
46 19 0 1
46 20 1 2410
46 21 0 1
46 22 1 2410
46 23 0 1
46 24 1 2410
46 25 0 1
46 26 1 2410
46 27 0 1
46 28 1 2410
46 29 0 1
46 30 1 2410
46 31 0 1
46 32 1 2410
46 33 0 1
46 34 1 2410
46 35 0 1
46 36 1 2410
47 0 1 2410
47 1 0 1
47 2 1 2410
47 3 0 1
47 4 1 2410
47 5 0 1
47 6 1 2410
47 7 0 1
47 8 1 2410
47 9 0 1
47 10 1 2410
47 11 0 1
47 12 1 2410
47 13 0 1
47 14 1 2410
47 15 0 1
47 16 1 2410
47 17 1 2410
47 18 1 2410
47 19 1 2410
47 20 1 2410
47 21 0 1
47 22 1 2410
47 23 0 1
47 24 1 2410
47 25 0 1
47 26 1 2410
47 27 0 1
47 28 1 2410
47 29 0 1
47 30 1 2410
47 31 0 1
47 32 1 2410
47 33 0 1
47 34 1 2410
47 35 0 1
47 36 1 2410
48 0 1 2410
48 1 0 1
48 2 1 2410
48 3 0 1
48 4 1 2410
48 5 0 1
48 6 1 2410
48 7 0 1
48 8 1 2410
48 9 0 1
48 10 1 2410
48 11 0 1
48 12 1 2410
48 13 0 1
48 14 1 2410
48 15 0 1
48 16 0 1
48 17 0 1
48 18 0 1
48 19 0 1
48 20 0 1
48 21 0 1
48 22 1 2410
48 23 0 1
48 24 1 2410
48 25 0 1
48 26 1 2410
48 27 0 1
48 28 1 2410
48 29 0 1
48 30 1 2410
48 31 0 1
48 32 1 2410
48 33 0 1
48 34 1 2410
48 35 0 1
48 36 1 2410
49 0 1 2410
49 1 0 1
49 2 1 2410
49 3 0 1
49 4 1 2410
49 5 0 1
49 6 1 2410
49 7 0 1
49 8 1 2410
49 9 0 1
49 10 1 2410
49 11 0 1
49 12 1 2410
49 13 0 1
49 14 1 2410
49 15 1 2410
49 16 1 2410
49 17 1 2410
49 18 1 2410
49 19 1 2410
49 20 1 2410
49 21 1 2410
49 22 1 2410
49 23 0 1
49 24 1 2410
49 25 0 1
49 26 1 2410
49 27 0 1
49 28 1 2410
49 29 0 1
49 30 1 2410
49 31 0 1
49 32 1 2410
49 33 0 1
49 34 1 2410
49 35 0 1
49 36 1 2410
50 0 1 2410
50 1 0 1
50 2 1 2410
50 3 0 1
50 4 1 2410
50 5 0 1
50 6 1 2410
50 7 0 1
50 8 1 2410
50 9 0 1
50 10 1 2410
50 11 0 1
50 12 1 2410
50 13 0 1
50 14 0 1
50 15 0 1
50 16 0 1
50 17 0 1
50 18 0 1
50 19 0 1
50 20 0 1
50 21 0 1
50 22 0 1
50 23 0 1
50 24 1 2410
50 25 0 1
50 26 1 2410
50 27 0 1
50 28 1 2410
50 29 0 1
50 30 1 2410
50 31 0 1
50 32 1 2410
50 33 0 1
50 34 1 2410
50 35 0 1
50 36 1 2410
51 0 1 2410
51 1 0 1
51 2 1 2410
51 3 0 1
51 4 1 2410
51 5 0 1
51 6 1 2410
51 7 0 1
51 8 1 2410
51 9 0 1
51 10 1 2410
51 11 0 1
51 12 1 2410
51 13 1 2410
51 14 1 2410
51 15 1 2410
51 16 1 2410
51 17 1 2410
51 18 1 2410
51 19 1 2410
51 20 1 2410
51 21 1 2410
51 22 1 2410
51 23 1 2410
51 24 1 2410
51 25 0 1
51 26 1 2410
51 27 0 1
51 28 1 2410
51 29 0 1
51 30 1 2410
51 31 0 1
51 32 1 2410
51 33 0 1
51 34 1 2410
51 35 0 1
51 36 1 2410
52 0 1 2410
52 1 0 1
52 2 1 2410
52 3 0 1
52 4 1 2410
52 5 0 1
52 6 1 2410
52 7 0 1
52 8 1 2410
52 9 0 1
52 10 1 2410
52 11 0 1
52 12 0 1
52 13 0 1
52 14 0 1
52 15 0 1
52 16 0 1
52 17 0 1
52 18 0 1
52 19 0 1
52 20 0 1
52 21 0 1
52 22 0 1
52 23 0 1
52 24 0 1
52 25 0 1
52 26 1 2410
52 27 0 1
52 28 1 2410
52 29 0 1
52 30 1 2410
52 31 0 1
52 32 1 2410
52 33 0 1
52 34 1 2410
52 35 0 1
52 36 1 2410
53 0 1 2410
53 1 0 1
53 2 1 2410
53 3 0 1
53 4 1 2410
53 5 0 1
53 6 1 2410
53 7 0 1
53 8 1 2410
53 9 0 1
53 10 1 2410
53 11 1 2410
53 12 1 2410
53 13 1 2410
53 14 1 2410
53 15 1 2410
53 16 1 2410
53 17 1 2410
53 18 1 2410
53 19 1 2410
53 20 1 2410
53 21 1 2410
53 22 1 2410
53 23 1 2410
53 24 1 2410
53 25 1 2410
53 26 1 2410
53 27 0 1
53 28 1 2410
53 29 0 1
53 30 1 2410
53 31 0 1
53 32 1 2410
53 33 0 1
53 34 1 2410
53 35 0 1
53 36 1 2410
54 0 1 2410
54 1 0 1
54 2 1 2410
54 3 0 1
54 4 1 2410
54 5 0 1
54 6 1 2410
54 7 0 1
54 8 1 2410
54 9 0 1
54 10 0 1
54 11 0 1
54 12 0 1
54 13 0 1
54 14 0 1
54 15 0 1
54 16 0 1
54 17 0 1
54 18 0 1
54 19 0 1
54 20 0 1
54 21 0 1
54 22 0 1
54 23 0 1
54 24 0 1
54 25 0 1
54 26 0 1
54 27 0 1
54 28 1 2410
54 29 0 1
54 30 1 2410
54 31 0 1
54 32 1 2410
54 33 0 1
54 34 1 2410
54 35 0 1
54 36 1 2410
55 0 1 2410
55 1 0 1
55 2 1 2410
55 3 0 1
55 4 1 2410
55 5 0 1
55 6 1 2410
55 7 0 1
55 8 1 2410
55 9 1 2410
55 10 1 2410
55 11 1 2410
55 12 1 2410
55 13 1 2410
55 14 1 2410
55 15 1 2410
55 16 1 2410
55 17 1 2410
55 18 1 2410
55 19 1 2410
55 20 1 2410
55 21 1 2410
55 22 1 2410
55 23 1 2410
55 24 1 2410
55 25 1 2410
55 26 1 2410
55 27 1 2410
55 28 1 2410
55 29 0 1
55 30 1 2410
55 31 0 1
55 32 1 2410
55 33 0 1
55 34 1 2410
55 35 0 1
55 36 1 2410
56 0 1 2410
56 1 0 1
56 2 1 2410
56 3 0 1
56 4 0 1
56 5 0 1
56 6 1 2410
56 7 0 1
56 8 0 1
56 9 0 1
56 10 0 1
56 11 0 1
56 12 0 1
56 13 0 1
56 14 0 1
56 15 0 1
56 16 0 1
56 17 0 1
56 18 0 1
56 19 0 1
56 20 0 1
56 21 0 1
56 22 0 1
56 23 0 1
56 24 0 1
56 25 0 1
56 26 0 1
56 27 0 1
56 28 0 1
56 29 0 1
56 30 1 2410
56 31 0 1
56 32 0 1
56 33 0 1
56 34 1 2410
56 35 0 1
56 36 1 2410
57 0 1 2410
57 1 0 1
57 2 1 2410
57 3 1 2410
57 4 1 2410
57 5 1 2410
57 6 1 2410
57 7 1 2410
57 8 1 2410
57 9 1 2410
57 10 1 2410
57 11 1 2410
57 12 1 2410
57 13 1 2410
57 14 1 2410
57 15 1 2410
57 16 1 2410
57 17 1 2410
57 18 1 2410
57 19 1 2410
57 20 1 2410
57 21 1 2410
57 22 1 2410
57 23 1 2410
57 24 1 2410
57 25 1 2410
57 26 1 2410
57 27 1 2410
57 28 1 2410
57 29 1 2410
57 30 1 2410
57 31 1 2410
57 32 1 2410
57 33 1 2410
57 34 1 2410
57 35 0 1
57 36 1 2410
58 0 1 2410
58 1 0 1
58 2 0 1
58 3 0 1
58 4 0 1
58 5 0 1
58 6 0 1
58 7 0 1
58 8 0 1
58 9 0 1
58 10 0 1
58 11 0 1
58 12 0 1
58 13 0 1
58 14 0 1
58 15 0 1
58 16 0 1
58 17 0 1
58 18 0 1
58 19 0 1
58 20 0 1
58 21 0 1
58 22 0 1
58 23 0 1
58 24 0 1
58 25 0 1
58 26 0 1
58 27 0 1
58 28 0 1
58 29 0 1
58 30 0 1
58 31 0 1
58 32 0 1
58 33 0 1
58 34 0 1
58 35 0 1
58 36 1 2410
59 0 1 2410
59 1 1 2410
59 2 1 2410
59 3 1 2410
59 4 1 2410
59 5 1 2410
59 6 1 2410
59 7 1 2410
59 8 1 2410
59 9 1 2410
59 10 1 2410
59 11 1 2410
59 12 1 2410
59 13 1 2410
59 14 1 2410
59 15 1 2410
59 16 1 2410
59 17 1 2410
59 18 1 2410
59 19 1 2410
59 20 1 2410
59 21 1 2410
59 22 1 2410
59 23 1 2410
59 24 1 2410
59 25 1 2410
59 26 1 2410
59 27 1 2410
59 28 1 2410
59 29 1 2410
59 30 1 2410
59 31 1 2410
59 32 1 2410
59 33 1 2410
59 34 1 2410
59 35 1 2410
59 36 1 2410
